--[[  ____________________   _____    _______                ____________________________._________________________________

 /   _____/\_   _____/  /  _  \   \      \              /   _____/\_   ___ \______   \   \______   \__    ___/   _____/

 \_____  \  |    __)_  /  /_\  \  /   |   \    ______   \_____  \ /    \  \/|       _/   ||     ___/ |    |  \_____  \ 

 /        \ |        \/    |    \/    |    \  /_____/   /        \\     \___|    |   \   ||    |     |    |  /        \

/_______  //_______  /\____|__  /\____|__  /           /_______  / \______  /____|_  /___||____|     |____| /_______  /

        \/         \/         \/         \/                    \/         \/       \/                               \/ ]]


local _S=string.char;local _T={45,45,91,91,10,32,32,32,32,83,101,97,110,32,83,99,114,105,112,116,115,32,85,73,32,45,32,86,101,114,115,195,163,111,32,67,111,114,114,105,103,105,100,97,10,32,32,32,32,68,101,115,105,103,110,32,105,110,115,112,105,114,97,100,111,32,110,111,32,112,114,105,110,116,32,100,111,32,115,105,116,101,10,93,93,10,10,108,111,99,97,108,32,80,108,97,121,101,114,71,117,105,32,61,32,103,97,109,101,58,71,101,116,83,101,114,118,105,99,101,40,34,80,108,97,121,101,114,115,34,41,46,76,111,99,97,108,80,108,97,121,101,114,58,87,97,105,116,70,111,114,67,104,105,108,100,40,34,80,108,97,121,101,114,71,117,105,34,41,10,108,111,99,97,108,32,84,119,101,101,110,83,101,114,118,105,99,101,32,61,32,103,97,109,101,58,71,101,116,83,101,114,118,105,99,101,40,34,84,119,101,101,110,83,101,114,118,105,99,101,34,41,10,10,45,45,32,67,114,105,97,110,100,111,32,97,32,69,115,116,114,117,116,117,114,97,10,108,111,99,97,108,32,83,99,114,101,101,110,71,117,105,32,61,32,73,110,115,116,97,110,99,101,46,110,101,119,40,34,83,99,114,101,101,110,71,117,105,34,41,10,83,99,114,101,101,110,71,117,105,46,78,97,109,101,32,61,32,34,83,101,97,110,83,99,114,105,112,116,115,76,111,97,100,105,110,103,34,10,83,99,114,101,101,110,71,117,105,46,80,97,114,101,110,116,32,61,32,80,108,97,121,101,114,71,117,105,10,83,99,114,101,101,110,71,117,105,46,73,103,110,111,114,101,71,117,105,73,110,115,101,116,32,61,32,116,114,117,101,10,10,45,45,32,70,117,110,100,111,32,80,114,105,110,99,105,112,97,108,32,40,80,114,101,116,111,32,100,111,32,115,105,116,101,41,10,108,111,99,97,108,32,77,97,105,110,70,114,97,109,101,32,61,32,73,110,115,116,97,110,99,101,46,110,101,119,40,34,70,114,97,109,101,34,41,10,77,97,105,110,70,114,97,109,101,46,83,105,122,101,32,61,32,85,68,105,109,50,46,110,101,119,40,49,44,32,48,44,32,49,44,32,48,41,10,77,97,105,110,70,114,97,109,101,46,66,97,99,107,103,114,111,117,110,100,67,111,108,111,114,51,32,61,32,67,111,108,111,114,51,46,102,114,111,109,82,71,66,40,49,51,44,32,49,51,44,32,49,53,41,10,77,97,105,110,70,114,97,109,101,46,80,97,114,101,110,116,32,61,32,83,99,114,101,101,110,71,117,105,10,10,45,45,32,67,111,110,116,97,105,110,101,114,32,67,101,110,116,114,97,108,10,108,111,99,97,108,32,67,101,110,116,101,114,32,61,32,73,110,115,116,97,110,99,101,46,110,101,119,40,34,70,114,97,109,101,34,41,10,67,101,110,116,101,114,46,83,105,122,101,32,61,32,85,68,105,109,50,46,110,101,119,40,48,44,32,51,48,48,44,32,48,44,32,50,48,48,41,10,67,101,110,116,101,114,46,80,111,115,105,116,105,111,110,32,61,32,85,68,105,109,50,46,110,101,119,40,48,46,53,44,32,48,44,32,48,46,53,44,32,48,41,10,67,101,110,116,101,114,46,65,110,99,104,111,114,80,111,105,110,116,32,61,32,86,101,99,116,111,114,50,46,110,101,119,40,48,46,53,44,32,48,46,53,41,10,67,101,110,116,101,114,46,66,97,99,107,103,114,111,117,110,100,84,114,97,110,115,112,97,114,101,110,99,121,32,61,32,49,10,67,101,110,116,101,114,46,80,97,114,101,110,116,32,61,32,77,97,105,110,70,114,97,109,101,10,10,45,45,32,84,195,173,116,117,108,111,32,34,83,101,97,110,32,83,99,114,105,112,116,115,34,10,108,111,99,97,108,32,84,105,116,108,101,32,61,32,73,110,115,116,97,110,99,101,46,110,101,119,40,34,84,101,120,116,76,97,98,101,108,34,41,10,84,105,116,108,101,46,83,105,122,101,32,61,32,85,68,105,109,50,46,110,101,119,40,49,44,32,48,44,32,48,44,32,52,48,41,10,84,105,116,108,101,46,84,101,120,116,32,61,32,34,83,101,97,110,32,83,99,114,105,112,116,115,34,10,84,105,116,108,101,46,70,111,110,116,32,61,32,69,110,117,109,46,70,111,110,116,46,71,111,116,104,97,109,66,111,108,100,10,84,105,116,108,101,46,84,101,120,116,67,111,108,111,114,51,32,61,32,67,111,108,111,114,51,46,102,114,111,109,82,71,66,40,50,53,53,44,32,50,53,53,44,32,50,53,53,41,10,84,105,116,108,101,46,84,101,120,116,83,105,122,101,32,61,32,51,50,10,84,105,116,108,101,46,66,97,99,107,103,114,111,117,110,100,84,114,97,110,115,112,97,114,101,110,99,121,32,61,32,49,10,84,105,116,108,101,46,80,97,114,101,110,116,32,61,32,67,101,110,116,101,114,10,10,45,45,32,83,117,98,116,195,173,116,117,108,111,10,108,111,99,97,108,32,83,117,98,116,105,116,108,101,32,61,32,73,110,115,116,97,110,99,101,46,110,101,119,40,34,84,101,120,116,76,97,98,101,108,34,41,10,83,117,98,116,105,116,108,101,46,80,111,115,105,116,105,111,110,32,61,32,85,68,105,109,50,46,110,101,119,40,48,44,32,48,44,32,48,44,32,51,53,41,10,83,117,98,116,105,116,108,101,46,83,105,122,101,32,61,32,85,68,105,109,50,46,110,101,119,40,49,44,32,48,44,32,48,44,32,50,48,41,10,83,117,98,116,105,116,108,101,46,84,101,120,116,32,61,32,34,84,104,101,32,85,108,116,105,109,97,116,101,32,83,99,114,105,112,116,32,72,117,98,34,10,83,117,98,116,105,116,108,101,46,70,111,110,116,32,61,32,69,110,117,109,46,70,111,110,116,46,71,111,116,104,97,109,10,83,117,98,116,105,116,108,101,46,84,101,120,116,67,111,108,111,114,51,32,61,32,67,111,108,111,114,51,46,102,114,111,109,82,71,66,40,49,53,48,44,32,49,53,48,44,32,49,53,48,41,10,83,117,98,116,105,116,108,101,46,84,101,120,116,83,105,122,101,32,61,32,49,52,10,83,117,98,116,105,116,108,101,46,66,97,99,107,103,114,111,117,110,100,84,114,97,110,115,112,97,114,101,110,99,121,32,61,32,49,10,83,117,98,116,105,116,108,101,46,80,97,114,101,110,116,32,61,32,67,101,110,116,101,114,10,10,45,45,32,66,97,114,114,97,32,100,101,32,80,114,111,103,114,101,115,115,111,32,40,70,117,110,100,111,32,67,105,110,122,97,32,69,115,99,117,114,111,41,10,108,111,99,97,108,32,66,97,114,66,103,32,61,32,73,110,115,116,97,110,99,101,46,110,101,119,40,34,70,114,97,109,101,34,41,10,66,97,114,66,103,46,83,105,122,101,32,61,32,85,68,105,109,50,46,110,101,119,40,48,46,56,44,32,48,44,32,48,44,32,52,41,10,66,97,114,66,103,46,80,111,115,105,116,105,111,110,32,61,32,85,68,105,109,50,46,110,101,119,40,48,46,49,44,32,48,44,32,48,46,55,44,32,48,41,10,66,97,114,66,103,46,66,97,99,107,103,114,111,117,110,100,67,111,108,111,114,51,32,61,32,67,111,108,111,114,51,46,102,114,111,109,82,71,66,40,51,53,44,32,51,53,44,32,52,48,41,10,66,97,114,66,103,46,66,111,114,100,101,114,83,105,122,101,80,105,120,101,108,32,61,32,48,10,66,97,114,66,103,46,80,97,114,101,110,116,32,61,32,67,101,110,116,101,114,10,10,108,111,99,97,108,32,66,97,114,70,105,108,108,32,61,32,73,110,115,116,97,110,99,101,46,110,101,119,40,34,70,114,97,109,101,34,41,10,66,97,114,70,105,108,108,46,83,105,122,101,32,61,32,85,68,105,109,50,46,110,101,119,40,48,44,32,48,44,32,49,44,32,48,41,10,66,97,114,70,105,108,108,46,66,97,99,107,103,114,111,117,110,100,67,111,108,111,114,51,32,61,32,67,111,108,111,114,51,46,102,114,111,109,82,71,66,40,50,53,53,44,32,50,53,53,44,32,50,53,53,41,32,45,45,32,66,114,97,110,99,111,32,108,105,109,112,111,10,66,97,114,70,105,108,108,46,66,111,114,100,101,114,83,105,122,101,80,105,120,101,108,32,61,32,48,10,66,97,114,70,105,108,108,46,80,97,114,101,110,116,32,61,32,66,97,114,66,103,10,10,108,111,99,97,108,32,85,73,67,111,114,110,101,114,32,61,32,73,110,115,116,97,110,99,101,46,110,101,119,40,34,85,73,67,111,114,110,101,114,34,41,10,85,73,67,111,114,110,101,114,46,67,111,114,110,101,114,82,97,100,105,117,115,32,61,32,85,68,105,109,46,110,101,119,40,49,44,32,48,41,10,85,73,67,111,114,110,101,114,46,80,97,114,101,110,116,32,61,32,66,97,114,66,103,10,10,108,111,99,97,108,32,85,73,67,111,114,110,101,114,50,32,61,32,73,110,115,116,97,110,99,101,46,110,101,119,40,34,85,73,67,111,114,110,101,114,34,41,10,85,73,67,111,114,110,101,114,50,46,67,111,114,110,101,114,82,97,100,105,117,115,32,61,32,85,68,105,109,46,110,101,119,40,49,44,32,48,41,10,85,73,67,111,114,110,101,114,50,46,80,97,114,101,110,116,32,61,32,66,97,114,70,105,108,108,10,10,45,45,32,84,101,120,116,111,32,100,101,32,83,116,97,116,117,115,10,108,111,99,97,108,32,83,116,97,116,117,115,32,61,32,73,110,115,116,97,110,99,101,46,110,101,119,40,34,84,101,120,116,76,97,98,101,108,34,41,10,83,116,97,116,117,115,46,80,111,115,105,116,105,111,110,32,61,32,85,68,105,109,50,46,110,101,119,40,48,44,32,48,44,32,48,46,55,53,44,32,48,41,10,83,116,97,116,117,115,46,83,105,122,101,32,61,32,85,68,105,109,50,46,110,101,119,40,49,44,32,48,44,32,48,44,32,51,48,41,10,83,116,97,116,117,115,46,84,101,120,116,32,61,32,34,67,97,114,114,101,103,97,110,100,111,32,114,101,99,117,114,115,111,115,46,46,46,34,10,83,116,97,116,117,115,46,70,111,110,116,32,61,32,69,110,117,109,46,70,111,110,116,46,71,111,116,104,97,109,77,101,100,105,117,109,10,83,116,97,116,117,115,46,84,101,120,116,67,111,108,111,114,51,32,61,32,67,111,108,111,114,51,46,102,114,111,109,82,71,66,40,49,48,48,44,32,49,48,48,44,32,49,48,48,41,10,83,116,97,116,117,115,46,84,101,120,116,83,105,122,101,32,61,32,49,50,10,83,116,97,116,117,115,46,66,97,99,107,103,114,111,117,110,100,84,114,97,110,115,112,97,114,101,110,99,121,32,61,32,49,10,83,116,97,116,117,115,46,80,97,114,101,110,116,32,61,32,67,101,110,116,101,114,10,10,45,45,45,32,65,78,73,77,65,195,135,195,131,79,32,45,45,45,10,10,108,111,99,97,108,32,102,117,110,99,116,105,111,110,32,115,116,97,114,116,76,111,97,100,105,110,103,40,41,10,32,32,32,32,45,45,32,65,110,105,109,97,195,167,195,163,111,32,100,97,32,98,97,114,114,97,32,40,54,32,115,101,103,117,110,100,111,115,41,10,32,32,32,32,108,111,99,97,108,32,116,119,101,101,110,73,110,102,111,32,61,32,84,119,101,101,110,73,110,102,111,46,110,101,119,40,54,44,32,69,110,117,109,46,69,97,115,105,110,103,83,116,121,108,101,46,81,117,105,110,116,44,32,69,110,117,109,46,69,97,115,105,110,103,68,105,114,101,99,116,105,111,110,46,79,117,116,41,10,32,32,32,32,108,111,99,97,108,32,116,119,101,101,110,32,61,32,84,119,101,101,110,83,101,114,118,105,99,101,58,67,114,101,97,116,101,40,66,97,114,70,105,108,108,44,32,116,119,101,101,110,73,110,102,111,44,32,123,83,105,122,101,32,61,32,85,68,105,109,50,46,110,101,119,40,49,44,32,48,44,32,49,44,32,48,41,125,41,10,32,32,32,32,116,119,101,101,110,58,80,108,97,121,40,41,10,10,32,32,32,32,45,45,32,84,114,111,99,97,32,100,101,32,116,101,120,116,111,115,32,100,117,114,97,110,116,101,32,111,32,116,101,109,112,111,10,32,32,32,32,116,97,115,107,46,119,97,105,116,40,50,41,10,32,32,32,32,83,116,97,116,117,115,46,84,101,120,116,32,61,32,34,73,110,106,101,116,97,110,100,111,32,115,99,114,105,112,116,115,46,46,46,34,10,32,32,32,32,116,97,115,107,46,119,97,105,116,40,50,41,10,32,32,32,32,83,116,97,116,117,115,46,84,101,120,116,32,61,32,34,70,105,110,97,108,105,122,97,110,100,111,32,77,77,50,32,72,117,98,46,46,46,34,10,32,32,32,32,116,97,115,107,46,119,97,105,116,40,50,41,10,32,32,32,32,10,32,32,32,32,45,45,32,70,105,110,97,108,105,122,97,195,167,195,163,111,10,32,32,32,32,83,116,97,116,117,115,46,84,101,120,116,32,61,32,34,80,114,111,110,116,111,33,34,10,32,32,32,32,116,97,115,107,46,119,97,105,116,40,48,46,53,41,10,32,32,32,32,10,32,32,32,32,45,45,32,69,102,101,105,116,111,32,100,101,32,115,117,109,105,114,32,40,70,97,100,101,32,79,117,116,41,10,32,32,32,32,108,111,99,97,108,32,102,97,100,101,32,61,32,84,119,101,101,110,83,101,114,118,105,99,101,58,67,114,101,97,116,101,40,77,97,105,110,70,114,97,109,101,44,32,84,119,101,101,110,73,110,102,111,46,110,101,119,40,48,46,53,41,44,32,123,66,97,99,107,103,114,111,117,110,100,84,114,97,110,115,112,97,114,101,110,99,121,32,61,32,49,125,41,10,32,32,32,32,84,119,101,101,110,83,101,114,118,105,99,101,58,67,114,101,97,116,101,40,84,105,116,108,101,44,32,84,119,101,101,110,73,110,102,111,46,110,101,119,40,48,46,53,41,44,32,123,84,101,120,116,84,114,97,110,115,112,97,114,101,110,99,121,32,61,32,49,125,41,58,80,108,97,121,40,41,10,32,32,32,32,84,119,101,101,110,83,101,114,118,105,99,101,58,67,114,101,97,116,101,40,83,117,98,116,105,116,108,101,44,32,84,119,101,101,110,73,110,102,111,46,110,101,119,40,48,46,53,41,44,32,123,84,101,120,116,84,114,97,110,115,112,97,114,101,110,99,121,32,61,32,49,125,41,58,80,108,97,121,40,41,10,32,32,32,32,84,119,101,101,110,83,101,114,118,105,99,101,58,67,114,101,97,116,101,40,83,116,97,116,117,115,44,32,84,119,101,101,110,73,110,102,111,46,110,101,119,40,48,46,53,41,44,32,123,84,101,120,116,84,114,97,110,115,112,97,114,101,110,99,121,32,61,32,49,125,41,58,80,108,97,121,40,41,10,32,32,32,32,84,119,101,101,110,83,101,114,118,105,99,101,58,67,114,101,97,116,101,40,66,97,114,66,103,44,32,84,119,101,101,110,73,110,102,111,46,110,101,119,40,48,46,53,41,44,32,123,66,97,99,107,103,114,111,117,110,100,84,114,97,110,115,112,97,114,101,110,99,121,32,61,32,49,125,41,58,80,108,97,121,40,41,10,32,32,32,32,84,119,101,101,110,83,101,114,118,105,99,101,58,67,114,101,97,116,101,40,66,97,114,70,105,108,108,44,32,84,119,101,101,110,73,110,102,111,46,110,101,119,40,48,46,53,41,44,32,123,66,97,99,107,103,114,111,117,110,100,84,114,97,110,115,112,97,114,101,110,99,121,32,61,32,49,125,41,58,80,108,97,121,40,41,10,32,32,32,32,10,32,32,32,32,102,97,100,101,58,80,108,97,121,40,41,10,32,32,32,32,102,97,100,101,46,67,111,109,112,108,101,116,101,100,58,67,111,110,110,101,99,116,40,102,117,110,99,116,105,111,110,40,41,10,32,32,32,32,32,32,32,32,83,99,114,101,101,110,71,117,105,58,68,101,115,116,114,111,121,40,41,10,32,32,32,32,32,32,32,32,45,45,32,83,69,82,86,73,67,69,83,32,86,79,82,84,69,88,32,67,79,73,78,83,10,108,111,99,97,108,32,80,108,97,121,101,114,115,32,61,32,103,97,109,101,58,71,101,116,83,101,114,118,105,99,101,40,34,80,108,97,121,101,114,115,34,41,10,108,111,99,97,108,32,84,119,101,101,110,83,101,114,118,105,99,101,32,61,32,103,97,109,101,58,71,101,116,83,101,114,118,105,99,101,40,34,84,119,101,101,110,83,101,114,118,105,99,101,34,41,10,108,111,99,97,108,32,82,117,110,83,101,114,118,105,99,101,32,61,32,103,97,109,101,58,71,101,116,83,101,114,118,105,99,101,40,34,82,117,110,83,101,114,118,105,99,101,34,41,10,108,111,99,97,108,32,85,115,101,114,73,110,112,117,116,83,101,114,118,105,99,101,32,61,32,103,97,109,101,58,71,101,116,83,101,114,118,105,99,101,40,34,85,115,101,114,73,110,112,117,116,83,101,114,118,105,99,101,34,41,10,108,111,99,97,108,32,86,105,114,116,117,97,108,85,115,101,114,32,61,32,103,97,109,101,58,71,101,116,83,101,114,118,105,99,101,40,34,86,105,114,116,117,97,108,85,115,101,114,34,41,10,10,45,45,32,86,65,82,73,65,66,76,69,83,10,108,111,99,97,108,32,112,108,97,121,101,114,32,61,32,80,108,97,121,101,114,115,46,76,111,99,97,108,80,108,97,121,101,114,10,108,111,99,97,108,32,99,104,97,114,97,99,116,101,114,32,61,32,112,108,97,121,101,114,46,67,104,97,114,97,99,116,101,114,32,111,114,32,112,108,97,121,101,114,46,67,104,97,114,97,99,116,101,114,65,100,100,101,100,58,87,97,105,116,40,41,10,108,111,99,97,108,32,114,111,111,116,80,97,114,116,32,61,32,99,104,97,114,97,99,116,101,114,58,87,97,105,116,70,111,114,67,104,105,108,100,40,34,72,117,109,97,110,111,105,100,82,111,111,116,80,97,114,116,34,41,10,10,108,111,99,97,108,32,118,105,115,105,116,101,100,80,111,115,105,116,105,111,110,115,32,61,32,123,125,10,108,111,99,97,108,32,105,115,65,99,116,105,118,101,32,61,32,102,97,108,115,101,10,108,111,99,97,108,32,102,108,121,83,112,101,101,100,32,61,32,49,53,10,108,111,99,97,108,32,99,111,108,108,101,99,116,101,100,32,61,32,48,10,108,111,99,97,108,32,115,116,97,114,116,84,105,109,101,32,61,32,48,10,108,111,99,97,108,32,97,110,116,105,65,70,75,32,61,32,102,97,108,115,101,10,10,112,108,97,121,101,114,46,67,104,97,114,97,99,116,101,114,65,100,100,101,100,58,67,111,110,110,101,99,116,40,102,117,110,99,116,105,111,110,40,99,104,97,114,41,10,32,32,32,32,32,32,32,32,99,104,97,114,97,99,116,101,114,32,61,32,99,104,97,114,10,32,32,32,32,32,32,32,32,114,111,111,116,80,97,114,116,32,61,32,99,104,97,114,58,87,97,105,116,70,111,114,67,104,105,108,100,40,34,72,117,109,97,110,111,105,100,82,111,111,116,80,97,114,116,34,41,10,32,32,32,32,32,32,32,32,118,105,115,105,116,101,100,80,111,115,105,116,105,111,110,115,32,61,32,123,125,10,101,110,100,41,10,10,45,45,32,83,79,85,78,68,10,108,111,99,97,108,32,99,111,108,108,101,99,116,83,111,117,110,100,32,61,32,73,110,115,116,97,110,99,101,46,110,101,119,40,34,83,111,117,110,100,34,44,32,114,111,111,116,80,97,114,116,41,10,99,111,108,108,101,99,116,83,111,117,110,100,46,83,111,117,110,100,73,100,32,61,32,34,114,98,120,97,115,115,101,116,105,100,58,47,47,49,50,50,50,49,57,54,55,34,10,99,111,108,108,101,99,116,83,111,117,110,100,46,86,111,108,117,109,101,32,61,32,49,10,10,45,45,32,71,85,73,10,108,111,99,97,108,32,103,117,105,32,61,32,73,110,115,116,97,110,99,101,46,110,101,119,40,34,83,99,114,101,101,110,71,117,105,34,44,32,112,108,97,121,101,114,58,87,97,105,116,70,111,114,67,104,105,108,100,40,34,80,108,97,121,101,114,71,117,105,34,41,41,10,103,117,105,46,78,97,109,101,32,61,32,34,65,117,116,111,70,97,114,109,71,117,105,34,10,103,117,105,46,82,101,115,101,116,79,110,83,112,97,119,110,32,61,32,102,97,108,115,101,10,10,108,111,99,97,108,32,102,114,97,109,101,32,61,32,73,110,115,116,97,110,99,101,46,110,101,119,40,34,70,114,97,109,101,34,44,32,103,117,105,41,10,102,114,97,109,101,46,83,105,122,101,32,61,32,85,68,105,109,50,46,110,101,119,40,48,44,32,50,56,48,44,32,48,44,32,51,48,48,41,32,45,45,32,83,108,105,103,104,116,108,121,32,116,97,108,108,101,114,32,116,111,32,102,105,116,32,99,114,101,100,105,116,115,10,102,114,97,109,101,46,80,111,115,105,116,105,111,110,32,61,32,85,68,105,109,50,46,110,101,119,40,48,46,53,44,32,45,49,52,48,44,32,48,46,51,44,32,48,41,10,102,114,97,109,101,46,66,97,99,107,103,114,111,117,110,100,67,111,108,111,114,51,32,61,32,67,111,108,111,114,51,46,102,114,111,109,82,71,66,40,51,48,44,32,51,48,44,32,52,48,41,10,102,114,97,109,101,46,66,111,114,100,101,114,83,105,122,101,80,105,120,101,108,32,61,32,48,10,102,114,97,109,101,46,65,99,116,105,118,101,32,61,32,116,114,117,101,10,102,114,97,109,101,46,68,114,97,103,103,97,98,108,101,32,61,32,116,114,117,101,10,73,110,115,116,97,110,99,101,46,110,101,119,40,34,85,73,67,111,114,110,101,114,34,44,32,102,114,97,109,101,41,46,67,111,114,110,101,114,82,97,100,105,117,115,32,61,32,85,68,105,109,46,110,101,119,40,48,44,32,49,50,41,10,108,111,99,97,108,32,115,116,114,111,107,101,32,61,32,73,110,115,116,97,110,99,101,46,110,101,119,40,34,85,73,83,116,114,111,107,101,34,44,32,102,114,97,109,101,41,10,115,116,114,111,107,101,46,67,111,108,111,114,32,61,32,67,111,108,111,114,51,46,102,114,111,109,82,71,66,40,48,44,32,48,44,32,48,41,10,115,116,114,111,107,101,46,84,104,105,99,107,110,101,115,115,32,61,32,50,10,10,108,111,99,97,108,32,116,105,116,108,101,32,61,32,73,110,115,116,97,110,99,101,46,110,101,119,40,34,84,101,120,116,76,97,98,101,108,34,44,32,102,114,97,109,101,41,10,116,105,116,108,101,46,83,105,122,101,32,61,32,85,68,105,109,50,46,110,101,119,40,49,44,32,45,50,48,44,32,48,44,32,52,48,41,10,116,105,116,108,101,46,80,111,115,105,116,105,111,110,32,61,32,85,68,105,109,50,46,110,101,119,40,48,44,32,49,48,44,32,48,44,32,53,41,10,116,105,116,108,101,46,84,101,120,116,32,61,32,34,67,111,105,110,47,66,101,97,99,104,32,66,97,108,108,115,32,65,117,116,111,102,97,114,109,34,10,116,105,116,108,101,46,84,101,120,116,67,111,108,111,114,51,32,61,32,67,111,108,111,114,51,46,102,114,111,109,82,71,66,40,50,53,53,44,32,50,53,53,44,32,50,53,53,41,10,116,105,116,108,101,46,66,97,99,107,103,114,111,117,110,100,84,114,97,110,115,112,97,114,101,110,99,121,32,61,32,49,10,116,105,116,108,101,46,70,111,110,116,32,61,32,69,110,117,109,46,70,111,110,116,46,71,111,116,104,97,109,66,111,108,100,10,116,105,116,108,101,46,84,101,120,116,83,105,122,101,32,61,32,50,48,10,116,105,116,108,101,46,84,101,120,116,88,65,108,105,103,110,109,101,110,116,32,61,32,69,110,117,109,46,84,101,120,116,88,65,108,105,103,110,109,101,110,116,46,76,101,102,116,
